 6.35
 31.55
 6.65
 44.35
 16.15
 62.85
 25.45
 22.75
 7.35
 10.15
 46.45
 66.55
 23.65
 64.25
 175.45
 16.25
 60.15
 19.35
 57.65
 65.15
 17.65
 8.65
 75.85
 33.75
 16.65
 39.85
 16.35
 56.95
 13.05
 73.05
 63.75
 28.95
 76.05
 62.35
 67.55
 59.85
 48.15
 61.65
 22.45
 56.55
 29.25
 22.15
 36.15
 10.15
 11.15
 58.95
 20.75
 13.85
 33.35
 47.25
 30.95
 25.85
 24.05
 50.15
 32.55
 32.55
 18.35
 89.95
 7.05
 26.25
 48.95
 78.55
 27.55
 22.75
 64.85
 21.15
 19.85
 7.05
 28.85
 14.45
 38.25
 22.25
 9.95
 31.75
 32.65
 30.65
 7.45
 10.65
 23.65
 17.45
 22.15
 19.95
 14.25
 105.95
 60.95
 67.95
 82.05
 159.35
 72.05
 12.05
 11.65
 48.75
 59.15
 31.55
 59.55
 64.45
 70.75
 55.35
 22.95
 11.15
 37.55
 23.85
 49.95
 57.45
 50.35
 25.85
 68.85
 67.85
 36.15
 22.65
 28.25
 30.75
 20.55
 7.55
 16.35
 69.45
 53.75
 94.65
 64.85
 49.55
 26.15
 64.95
 45.15
 11.85
 9.65
 21.85
 39.55
 25.45
 32.95
 60.65
 32.05
 14.65
 13.75
 30.95
 27.65
 38.85
 23.85
 13.25
 46.45
 54.85
 34.65
 27.95
 28.15
 44.05
 35.95
 26.45
 8.85
 16.25
 28.15
 49.15
 64.55
 28.65
 11.55
 16.95
 17.35
 13.85
 11.75
 17.65
 13.55
 75.85
 68.35
 42.85
 7.85
 21.95
 78.75
 19.45
 58.25
 62.15
 71.25
 39.15
 35.35
 58.55
 30.95
 38.15
 28.95
 13.35
 11.25
 35.45
 22.65
 13.35
 25.65
 24.85
 23.45
 14.75
 69.05
 51.65
 45.15
 56.65
 27.85
 30.95
 65.45
 26.15
 35.95
 57.25
 13.25
 9.45
 141.85
 74.35
 76.15
 58.55
 45.75
 27.55
 36.75
 44.45
 84.35
 50.15
 41.15
 34.05
 68.75
 45.05
 39.85
 38.05
 27.95
 12.45
 10.55
 68.75
 76.75
 6.75
 71.95
 55.55
 6.25
 6.25
 47.45
 53.15
 27.15
 58.85
 33.55
 10.65
 22.75
 5.45
 34.65
 6.65
 26.85
 28.85
 19.15
 28.85
 59.95
 39.55
 50.85
 27.95
 19.55
 17.85
 21.05
 26.55
 16.55
 12.15
 22.75
 32.85
 19.65
 36.05
 21.95
 14.45
 26.45
 15.75
 12.95
 8.45
 34.75
 26.25
 8.15
 6.95
 12.25
 20.05
 27.65
 48.35
 14.05
 14.45
 11.95
 44.15
 60.35
 62.65
 51.25
